0100110110111010101110100111001010110010
0000011001011111011101100100010111101111
0111011101111000010001010000010110100100
0101111111000000110010111001110101110001
1110001011110100011111111010000101011000
0000110001001000101101000000000110010110
1111110101010100010110111001001110110001
0000111011111101001110111110011010000110
1011011000011101100100111111111110110100
0101001011100101010100101111110011100010
1100001010001101111011011001100111101101
0000001110010001110110001010000110110111
1011001011000010110011001111001100000011
1010100011111010011101110110001110010000
0111000000001001011110111100000000100011
1111110010010100111100101100101000100010
1110111000000110100010011111010100100011
0011000001010110010110000111011001011110
0001010100111001110100101100000010101000
1010101110100101100010000110010110001011
